	"MYC2"	"AtAIB"	"TAT3"	"JAZ1"	"JAZ10"	"DIN11"	"At1g66690"	"At1g53885"	"PDF1.2b"
"wt_mock_0.0h"	0.69	0.8	2.58	0.73	1.58	1.87	1.22	1.51	10.56
"wt_mock_0.0h"	0.58	0.89	1.96	0.75	1.47	1.42	1.44	0.99	10.36
"wt_mock_0.0h"	0.45	0.83	2.79	0.83	1.51	1.64	1.59	1.54	12.97
"wt_mock_0.5h"	0.69	0.88	0.96	0.87	0.71	5.4	2.91	1.22	10.84
"wt_mock_0.5h"	0.49	0.78	0.97	1.01	0.56	6.9	2.09	1.38	11.7
"wt_mock_0.5h"	0.58	0.87	1.03	0.86	0.75	6.35	1.79	1.46	11.88
"wt_mock_1h"	2.87	1.73	0.21	1.08	3.35	0.38	2.51	6.25	12.83
"wt_mock_1h"	2.13	1.78	0.2	2.01	2.15	0.55	3.83	6.11	13.34
"wt_mock_1h"	2.56	2.11	0.26	2.13	3.33	0.52	3.55	8.61	13.12
"wt_mock_3h"	1.2	2.23	0.16	0.2	0.53	0.5	2.89	8.02	11.84
"wt_mock_3h"	1.41	1.7	0.21	0.16	0.53	0.56	3.53	6.21	13.25
"wt_mock_3h"	0.96	2.42	0.2	0.13	0.57	0.89	3.18	5.71	13.59
"wt_mock_6h"	0.8	1.72	0.03	0.22	0.11	1.03	3.17	6.77	20.53
"wt_mock_6h"	0.98	3.09	0.06	0.14	0.04	0.33	2.25	5.44	20.2
"wt_mock_6h"	0.88	3.19	0.01	0.75	0.04	0.38	2.67	6.88	24.52
"wt_MJ_0.0h"	0.69	0.8	2.58	0.73	1.58	1.87	1.22	1.51	10.56
"wt_MJ_0.0h"	0.58	0.89	1.96	0.75	1.47	1.42	1.44	0.99	10.36
"wt_MJ_0.0h"	0.45	0.83	2.79	"+   }"	1.51	1.64	1.59	1.54	12.97
"wt_MJ_0.5h"	2.12	4.31	4.97	18.71	15.25	16.98	5.77	30.44	22.57
"wt_MJ_0.5h"	3.4	7.34	5.55	18.48	18.13	12.02	5.61	25.78	23.11
"wt_MJ_0.5h"	3.16	6.94	8.2	14.05	15.38	12.58	4.52	19.84	25.51
"wt_MJ_1h"	4.4	2.19	0.93	0.68	24.93	0.4	11.87	26.11	25.89
"wt_MJ_1h"	5.39	2.43	0.87	1.07	32.03	0.54	11.05	19.62	20.46
"wt_MJ_1h"	4.89	2.78	0.94	0.87	26.02	0.51	10.31	19.77	22.03
"wt_MJ_3h"	3.72	2.52	1.74	0.22	11.14	1.03	7.73	7.54	33.6
"wt_MJ_3h"	3.33	3.25	2.1	0.21	15.85	1.41	7.81	10.52	28.19
"wt_MJ_3h"	3.52	3.84	2.27	0.27	14.57	1.75	8.81	7.52	28.21
"wt_MJ_6h"	3.38	2.5	3.6	0.94	10.64	2.06	8.84	7.85	40.06
"wt_MJ_6h"	3.97	4.24	3.88	0.51	9.71	1.42	8.77	5.05	34.9
"wt_MJ_6h"	3.49	3.79	4.11	0.66	9.55	1.31	6.02	6.6	38.96
"jin1_mock_0.0h"	0.67	0.88	0.99	0.46	0.53	0.73	1.85	1.49	12.46
"jin1_mock_0.0h"	0.57	0.8	1.13	0.66	0.44	1.16	1.65	2.76	11.47
"jin1_mock_0.0h"	0.65	0.89	0.89	0.51	0.58	0.69	1.35	2.42	9.16
"jin1_mock_0.5h"	0.39	0.74	0.48	1.82	0.6	3.37	2.01	5.76	7.18
"jin1_mock_0.5h"	0.35	0.99	0.44	2.41	0.72	4.28	2.13	5.68	7.74
"jin1_mock_0.5h"	0.37	0.77	0.44	0.98	0.27	3.76	2.79	5.02	6.32
"jin1_mock_1h"	0.38	2.2	0.06	0.56	0.51	0.66	3.69	3.09	16.1
"jin1_mock_1h"	0.32	2.11	0.06	1.28	0.9	0.71	3.49	3.1	16.68
"jin1_mock_1h"	0.35	2.25	0.07	0.68	0.91	0.59	3.11	2.6	15.05
"jin1_mock_3h"	0.45	2.03	0.05	0.95	0.09	0.18	3.13	3.44	17.03
"jin1_mock_3h"	0.52	2.32	0.03	0.87	0.07	0.21	3.14	4.39	12.91
"jin1_mock_3h"	0.44	1.25	0.03	1.24	0.09	0.16	3.15	4.01	16.48
"jin1_mock_6h"	1.5	3.54	0.27	2.07	0.22	0.47	3.99	2.49	15.65
"jin1_mock_6h"	1	3.12	0.22	2.15	0.12	0.29	3.85	2.88	18
"jin1_mock_6h"	1.86	3.26	0.2	1.46	0.11	0.32	4.02	3.26	16.79
"jin1_MJ_0.0h"	0.67	0.88	0.99	0.46	0.53	0.73	1.85	1.49	12.46
"jin1_MJ_0.0h"	0.57	0.8	1.13	0.66	0.44	1.16	1.65	2.76	11.47
"jin1_MJ_0.0h"	0.65	0.89	0.89	0.51	0.58	0.69	1.35	2.42	9.16
"jin1_MJ_0.5h"	2.65	3.9	0.95	7.88	9.31	6.2	2.05	12.08	6.88
"jin1_MJ_0.5h"	2.25	4.79	1.13	5.59	8.4	6.9	2.52	10.46	5.91
"jin1_MJ_0.5h"	2.47	5.36	0.86	11.51	14	8.84	2.91	10.38	9.26
"jin1_MJ_1h"	7.78	0.97	0.01	6.35	4.31	0.23	5.51	9.64	10.73
"jin1_MJ_1h"	7.73	1.01	0.01	9.28	4.64	0.13	5.05	10.2	9.89
"jin1_MJ_1h"	8.95	1.96	0.01	7	6.89	0.15	3.9	12.5	9.65
"jin1_MJ_3h"	2.01	1.48	0.09	15.22	6.46	1.54	3.94	3.68	19.13
"jin1_MJ_3h"	2.96	2.73	0.11	12.47	4.45	1.69	3.74	3.77	11.02
"jin1_MJ_3h"	3.17	2.95	0.13	14.63	5.49	1.33	3.99	3.51	13.01
"jin1_MJ_6h"	3.88	2.33	1.16	1.22	3.29	0.87	3.43	3.4	17.27
"jin1_MJ_6h"	3.47	2.63	1.22	1.23	2.48	0.74	3.78	3.8	20.22
"jin1_MJ_6h"	3.37	2.11	0.94	1.78	6.51	0.9	4.45	4.82	33.35
"jut_mock_0.0h"	0.94	0.8	0.85	3.67	2.46	0.87	1.97	4.4	12.33
"jut_mock_0.0h"	0.82	0.86	0.93	4.34	1.89	0.88	2.3	5.46	15.71
"jut_mock_0.0h"	0.85	0.84	0.85	4.61	2.89	0.64	2.09	4.03	11.02
"jut_mock_0.5h"	0.95	0.86	1.5	0.92	0.43	2.05	3.04	8.66	13.65
"jut_mock_0.5h"	0.9	0.79	1.06	0.67	0.36	1.79	2.01	10.19	12.43
"jut_mock_0.5h"	0.91	1.51	1.35	0.86	0.39	2	3.17	6.96	14.09
"jut_mock_1h"	1.17	1.14	0.22	0.11	0.27	0.13	4.46	5.96	8.02
"jut_mock_1h"	1.39	1.21	0.22	0.1	0.32	0.08	4.25	5.81	8.95
"jut_mock_1h"	1.08	1.03	0.2	0.11	0.51	0.13	5.26	4.38	11.95
"jut_mock_3h"	1.07	1.93	1.15	1.12	0.85	0.65	5.37	5.19	11.28
"jut_mock_3h"	1.14	1.71	1.26	1.21	0.56	0.28	5.24	5.68	17.69
"jut_mock_3h"	1.08	1.47	1.31	1.27	0.69	0.3	4.49	4.01	14.16
"jut_mock_6h"	1.66	2.22	1.21	0.41	1.02	0.85	4	3.74	38.44
"jut_mock_6h"	1.73	2.61	0.83	0.41	1.26	0.39	3.82	5.14	34.11
"jut_mock_6h"	1.42	1.93	0.84	0.36	1.27	0.27	4.13	3.46	26.64
"jut_MJ_0.0h"	0.94	0.8	0.85	3.67	2.46	0.87	1.97	4.4	12.33
"jut_MJ_0.0h"	0.82	0.86	0.93	4.34	1.89	0.88	2.3	5.46	15.71
"jut_MJ_0.0h"	0.85	0.84	0.85	4.61	2.89	0.64	2.09	4.03	11.02
"jut_MJ_0.5h"	3.75	4.81	5.68	27.53	39.84	4.64	3.58	14.86	20.13
"jut_MJ_0.5h"	2.64	5	4.01	25.55	47.01	6.42	3.95	10.21	17.68
"jut_MJ_0.5h"	2.32	4.15	3.95	23.68	35.11	5.38	3.57	12.27	18.36
"jut_MJ_1h"	4.39	2.36	0.57	6.32	12.79	0.61	5.78	6.63	25.5
"jut_MJ_1h"	4.1	2.08	0.61	7.27	7.68	0.68	4.73	6.27	16.87
"jut_MJ_1h"	4.38	1.68	0.53	6.96	5.55	0.53	4.03	5.35	20.38
"jut_MJ_3h"	3.65	2.83	2.06	0.45	5.36	0.4	4.9	3.09	17.06
"jut_MJ_3h"	3.38	2.66	2.41	0.29	5.6	0.41	4.15	3.54	13.03
"jut_MJ_3h"	3.82	2.72	2.43	0.28	2.94	0.5	4.26	2.83	18.02
"jut_MJ_6h"	3.08	1.97	4.32	1.5	5.51	0.96	4.69	2.14	23.97
"jut_MJ_6h"	3.77	2.25	4.43	0.89	2.8	0.64	3.5	2.44	17.14
"jut_MJ_6h"	3.04	1.42	4.43	1.39	2.6	0.7	3.52	2.97	23.96
"DM_mock_0.0h"	0.43	0.72	0.04	0.72	0.78	0.35	1.59	1.42	5.91
"DM_mock_0.0h"	0.4	0.65	0.02	1.28	1.16	0.37	1.84	1.37	6.61
"DM_mock_0.0h"	0.55	0.63	0.03	1.38	1.14	0.48	1.46	1.46	6.51
"DM_mock_0.5h"	0.31	0.7	0.02	1.35	0.69	3.6	3.23	2.68	8.39
"DM_mock_0.5h"	0.45	0.73	0.15	1.41	0.67	3.38	4.02	2.77	5.54
"DM_mock_0.5h"	0.43	0.71	0.25	1.36	0.78	4.04	3.61	3.02	6.85
"DM_mock_1h"	0.21	2.82	0.06	4.2	1.66	0.12	3.04	5.12	15.18
"DM_mock_1h"	0.25	2.35	0.05	6.79	2.11	0.15	3.56	4.18	14
"DM_mock_1h"	0.25	2.9	0.06	4.46	1.21	0.14	4.32	3.28	17.89
"DM_mock_3h"	0.63	2.45	0.07	0.23	0.18	0.1	4.12	5.72	18.19
"DM_mock_3h"	0.54	2.46	0.05	0.23	0.36	0.15	5.18	4.94	17.32
"DM_mock_3h"	0.49	3.62	0.08	0.12	0.27	0.14	4.48	6.29	20.63
"DM_mock_6h"	0.41	2.36	0.09	0.39	0.27	0.53	3.31	2.96	26.06
"DM_mock_6h"	0.39	2.17	0.1	0.33	0.22	0.88	5.84	3.17	29.69
"DM_mock_6h"	0.39	2.45	0.05	0.33	0.12	0.71	5.05	3.11	38.16
"DM_MJ_0.0h"	0.43	0.72	0.04	0.72	0.78	0.35	1.59	1.42	5.91
"DM_MJ_0.0h"	0.4	0.65	0.02	1.28	1.16	0.37	1.84	1.37	6.61
"DM_MJ_0.0h"	0.55	0.63	0.03	1.38	1.14	0.48	1.46	1.46	6.51
"DM_MJ_0.5h"	2.2	4.35	1.8	21.37	10.99	7.13	3.36	11.89	6.96
"DM_MJ_0.5h"	2.15	4.89	1.08	32.25	15.04	6.36	3.23	11.1	5.03
"DM_MJ_0.5h"	2.28	4.98	1.09	24.22	12.06	6.48	3.12	14.09	6
"DM_MJ_1h"	5.52	3.61	0.48	1.75	3.87	0.66	4.5	17.86	12.21
"DM_MJ_1h"	5.44	3.65	0.38	1.35	1.36	0.51	3.42	16.31	13.28
"DM_MJ_1h"	5.26	3.45	0.33	1.94	1.9	0.53	3.93	13.68	17.35
"DM_MJ_3h"	1.63	4.4	0.64	1.52	1.16	1.4	4.97	3.5	29.26
"DM_MJ_3h"	1.75	4.18	0.56	1.82	1.75	2.7	5.19	2.92	29.59
"DM_MJ_3h"	1.54	3.6	0.52	1.48	1.11	1.63	5.57	4.34	25.65
"DM_MJ_6h"	1.24	2.26	0.29	0.33	0.68	1.18	4.23	4.17	19
"DM_MJ_6h"	1.3	2.26	0.23	0.37	2.2	2.06	4.19	2.99	26.7
"DM_MJ_6h"	1.4	1.61	0.24	0.46	2.78	2.6	5.23	4.99	24.32
"coi1-16_mock_0.0h"	0.1	0.14	0.08	0.05	0.02	0.24	0.29	0.49	0.87
"coi1-16_mock_0.0h"	0.11	0.05	0.09	0.05	0.02	0.23	0.38	0.32	0.94
"coi1-16_mock_0.0h"	0.11	0.14	0.04	0.05	0.02	0.25	0.39	0.18	0.83
"coi1-16_mock_0.5h"	0.27	0.16	0.04	0.17	0.05	0.19	0.83	0.09	1.19
"coi1-16_mock_0.5h"	0.24	0.15	0.04	0.15	0.06	0.15	0.66	0.01	1.17
"coi1-16_mock_0.5h"	0.21	0.14	0.07	0.14	0.07	0.15	0.64	0	0.76
"coi1-16_mock_1h"	0.25	0.25	0.01	0.14	0.05	0.43	0.3	1.06	0.7
"coi1-16_mock_1h"	0.22	0.16	0.01	0.11	0.05	0.27	0.26	1.59	0.7
"coi1-16_mock_1h"	0.24	0.2	0.03	0.13	0.06	0.38	0.42	2.17	0.84
"coi1-16_mock_3h"	0.13	0.17	0.04	0.08	0.06	0.27	0.69	2.67	1.91
"coi1-16_mock_3h"	0.15	0.13	0.03	0.07	0.06	0.15	0.63	2.47	2.19
"coi1-16_mock_3h"	0.12	0.16	0.01	0.06	0.04	0.19	0.73	2.04	2.05
"coi1-16_mock_6h"	0.23	0.19	0.11	0.12	0.15	0.28	1	2.11	3.37
"coi1-16_mock_6h"	0.2	0.25	0.07	0.12	0.16	0.31	1.12	1.97	3.36
"coi1-16_mock_6h"	0.22	0.24	0.08	0.12	0.11	0.41	1.16	1.82	3.53
"coi1-16_MJ_0.0h"	0.1	0.14	0.08	0.05	0.02	0.24	0.29	0.49	0.87
"coi1-16_MJ_0.0h"	0.11	0.05	0.09	0.05	0.02	0.23	0.38	0.32	0.94
"coi1-16_MJ_0.0h"	0.11	0.14	0.04	0.05	0.02	0.25	0.39	0.18	0.83
"coi1-16_MJ_0.5h"	0.34	0.17	0.34	0.32	0.06	0.27	0.4	0.14	0.66
"coi1-16_MJ_0.5h"	0.32	0.15	0.21	0.27	0.07	0.24	0.22	0.08	0.48
"coi1-16_MJ_0.5h"	0.26	0.13	0.21	0.24	0.07	0.18	0.17	0.1	0.43
"coi1-16_MJ_1h"	0.46	0.3	0.13	0	0.1	0.15	0.46	1.5	0.94
"coi1-16_MJ_1h"	0.49	0.26	0.2	0.29	0.09	0.12	0.49	2	0.77
"coi1-16_MJ_1h"	0.5	0.29	0.17	0.31	0.09	0.16	0.35	2.25	0.94
"coi1-16_MJ_3h"	0.58	0.28	0.29	0.31	0.05	0.43	0.49	2.79	1.87
"coi1-16_MJ_3h"	0.54	0.3	0.31	0.33	0.07	0.38	0.66	2.38	2.2
"coi1-16_MJ_3h"	0.55	0.27	0.24	0.31	0.05	0.38	0.4	2.43	1.77
"coi1-16_MJ_6h"	0.64	0.31	0.32	0.28	0.1	0.94	0.7	2.92	2.11
"coi1-16_MJ_6h"	0.63	0.29	0.38	0.27	0.07	0.84	0.64	2.74	1.89
"coi1-16_MJ_6h"	0.63	0.34	0.34	0.28	0.07	0.75	0.53	2.24	2.53
"jai3-1_mock_0.0h"	0.1	0.25	0.04	0.08	0.05	0.4	0.18	0.38	0.52
"jai3-1_mock_0.0h"	0.09	0.22	0.03	0.07	0.03	0.38	0.14	0.25	0.35
"jai3-1_mock_0.0h"	0.07	0.18	0.02	0.06	0.03	0.35	0.14	0.16	0.32
"jai3-1_mock_0.5h"	1.74	0.46	0.24	1.86	1.02	0.25	1.01	2.42	1.16
"jai3-1_mock_0.5h"	1.64	0.39	0.21	1.7	0.9	0.25	0.94	2.98	0.97
"jai3-1_mock_0.5h"	1.6	0.49	0.26	1.67	0.95	0.24	0.63	3.09	0.89
"jai3-1_mock_1h"	0.83	0.23	0.41	0.58	0.63	0.58	0.41	4.14	1.42
"jai3-1m_1h"	0.88	0.24	0.35	0.57	0.7	0.6	0.37	3.75	1.52
"jai3-1_mock_1h"	0.91	0.23	0.49	0.58	0.67	0.56	0.56	3.78	1.37
"jai3-1_mock_3h"	0.47	0.22	1.4	0.28	0.22	0.83	1.23	3.17	1.62
"jai3-1_mock_3h"	0.5	0.25	1.61	0.31	0.23	0.89	0.95	3.41	1.48
"jai3-1_mock_3h"	0.48	0.29	1.48	0.29	0.19	0.71	1.02	3.74	1.64
"jai3-1_mock_6h"	0.53	0.23	0.33	0.44	0.35	1.53	2.99	4.42	4.02
"jai3-1_mock_6h"	0.49	0.19	0.28	0.38	0.26	1.5	1.74	3.12	3.75
"jai3-1_mock_6h"	0.5	0.21	0.31	0.34	0.21	1.29	2.18	4.46	2.96
"jai3-1_MJ_0.0h"	0.1	0.25	0.04	0.08	0.05	0.4	0.18	0.38	0.52
"jai3-1_MJ_0.0h"	0.09	0.22	0.03	0.07	0.03	0.38	0.14	0.25	0.35
"jai3-1_MJ_0.0h"	0.07	0.18	0.02	0.06	0.03	0.35	0.14	0.16	0.32
"jai3-1_MJ_0.5h"	2.1	0.43	0.58	2.18	2.28	0.52	0.85	7.37	1.67
"jai3-1_MJ_0.5h"	2.01	0.43	0.52	1.92	2.23	0.38	0.59	7.57	1.69
"jai3-1_MJ_0.5h"	2.39	0.5	0.58	1.91	2.25	0.56	0.63	6.6	1.92
"jai3-1_MJ_1h"	1.56	0.41	1.05	1.94	2.16	0.57	0.62	4.28	1.82
"jai3-1_MJ_1h"	2.04	0.44	1.12	2.03	2.18	0.5	0.81	4.5	1.34
"jai3-1_MJ_1h"	1.59	0.4	1.07	2.23	1.97	0.45	0.51	4.22	1.51
"jai3-1_MJ_3h"	0.98	0.31	1.65	0.9	0.53	1.33	0.42	3.4	1.14
"jai3-1_MJ_3h"	1.2	0.36	2.22	1.09	0.65	1.48	0.36	4.62	1.8
"jai3-1_MJ_3h"	1.38	0.37	2.24	1.18	0.66	1.81	0.49	4.93	1.6
"jai3-1_MJ_6h"	1.83	0.65	0.67	1.12	0.84	4.09	0.84	1.38	1.53
"jai3-1_MJ_6h"	1.2	0.43	0.55	1.01	0.43	2.88	0.13	1.5	1.22
"jai3-1_MJ_6h"	2	0.62	0.72	1.41	1.22	4.59	1.51	1.65	1.95
"jutOE_mock_0.0h"	0.19	1.91	0.04	0.13	0.08	0.48	0.75	2.86	0.82
"jutOE_mock_0.0h"	0.19	2.04	0.04	0.14	0.06	0.51	0.61	3.02	0.77
"jutOE_mock_0.0h"	0.2	1.9	0.04	0.15	0.06	0.58	0.46	2.8	0.45
"jutOE_mock_0.5h"	1.38	2.65	0.42	1.12	0.76	1.35	0.57	3.47	0.61
"jutOE_mock_0.5h"	1.59	2.63	0.41	1.18	0.74	1.32	0.4	3.49	0.62
"jutOE_mock_0.5h"	1.31	2.17	0.36	1.08	0.82	1.18	0.29	4.06	0.66
"jutOE_mock_1h"	1.06	2.45	2.29	0.84	0.79	0.69	0.3	2.72	0.69
"jutOE_mock_1h"	0.99	2.19	2.14	0.78	0.66	0.7	0.16	2.04	0.72
"jutOE_mock_1h"	1.06	2.34	2.12	0.78	0.65	0.7	0.26	1.15	0.82
"jutOE_mock_3h"	0.35	2.11	0.71	0.31	0.13	1.06	0.77	3.91	3.03
"jutOE_mock_3h"	0.29	2	0.48	0.26	0.06	0.76	0.35	2.4	3.65
"jutOE_mock_3h"	0.37	2.45	0.65	0.34	0.15	0.99	0.64	3.37	3.49
"jutOE_mock_6h"	0.6	3.44	0.22	0.42	0.19	1.82	0.73	3.09	1.7
"jutOE_mock_6h"	0.57	2.3	0.17	0.38	0.16	1.94	1.91	3.72	1.78
"jutOE_mock_6h"	0.53	3.23	0.22	0.37	0.16	1.71	1.27	3.92	1.42
"jutOE_MJ_0.0h"	0.19	1.91	0.04	0.13	0.08	0.48	0.75	2.86	0.82
"jutOE_MJ_0.0h"	0.19	2.04	0.04	0.14	0.06	0.51	0.61	3.02	0.77
"jutOE_MJ_0.0h"	0.2	1.9	0.04	0.15	0.06	0.58	0.46	2.8	0.45
"jutOE_MJ_0.5h"	2.82	2.98	2.43	2.75	3.19	0.9	0.55	6.15	0.64
"jutOE_MJ_0.5h"	2.75	3.05	2.33	2.87	2.9	0.73	0.36	4.6	0.59
"jutOE_MJ_0.5h"	2.71	3.08	2.71	2.79	3.15	0.78	0.54	4.1	0.87
"jutOE_MJ_1h"	2.14	2.76	3.48	1.89	2.28	1.16	0.58	2.18	0.96
"jutOE_MJ_1h"	2.08	2.88	3.44	1.81	2.15	1.02	0.22	2.61	0.65
"jutOE_MJ_1h"	2.04	2.73	3.65	1.72	1.97	0.94	0.42	1.9	0.68
"jutOE_MJ_3h"	1.38	2.61	2.99	1.55	1.79	2.63	5.67	12.56	6.52
"jutOE_MJ_3h"	1.67	2.92	3.71	2.07	2.86	4.47	5.85	16.31	5.45
"jutOE_MJ_3h"	0.94	2.96	3.44	1.94	2.8	3.63	7.94	11.61	6.56
"jutOE_MJ_6h"	3.85	2.88	1.55	2.83	2.88	14.37	0.75	3.92	5.17
"jutOE_MJ_6h"	2.67	3.52	1.31	2.84	2.8	14.23	0.54	3.62	4.15
"jutOE_MJ_6h"	2.77	3.21	1.23	2.52	2.4	13.18	0.55	3.31	3.43
