mutant: coi1 coi1 coi1 coi1 coi1 wt wt wt wt wt wt
condition: control jasmonate jasmonate wounding wounding control jasmonate jasmonate jasmonate wounding wounding
mtime:    0.00   60.00  360.00   30.00  360.00    0.00   60.00  360.00 2880.00   30.00  360.00
At1g18710: 6.56666666666666643e+00 1.61999999999999993e+01 8.59999999999999964e+00 1.50000000000000000e+00 6.30000000000000071e+00 1.19199999999999999e+01 1.68400000000000006e+02 6.03333333333333321e+00 2.55000000000000000e+01 7.45999999999999943e+01 -1.04999999999999982e+00
At1g23080: 4.20333333333333314e+01 2.53999999999999986e+01 6.45499999999999972e+01 2.20000000000000000e+01 8.27500000000000000e+01 4.10399999999999991e+01 1.20000000000000000e+01 4.05333333333333314e+01 1.83999999999999986e+01 1.61999999999999993e+01 8.87500000000000000e+01
At1g74020: 5.73333333333333357e+01 9.50999999999999943e+01 7.02000000000000028e+01 7.60999999999999943e+01 6.92999999999999972e+01 6.62800000000000011e+01 1.12700000000000003e+02 1.33466666666666669e+02 1.37900000000000006e+02 8.69000000000000057e+01 1.04400000000000006e+02
At2g34810: 1.27333333333333343e+01 2.90000000000000000e+01 3.92000000000000028e+01 6.09999999999999964e+00 2.91500000000000021e+01 2.71999999999999993e+01 2.04000000000000000e+02 2.76500000000000000e+02 5.41899999999999977e+02 3.62999999999999972e+01 8.64000000000000057e+01
At4g11290: 3.47999999999999972e+01 3.62000000000000028e+01 6.52500000000000000e+01 4.32000000000000028e+01 5.56500000000000057e+01 3.33200000000000003e+01 3.38999999999999986e+01 7.80000000000000000e+01 5.41000000000000014e+01 3.57000000000000028e+01 7.35999999999999943e+01
At4g22880: 8.46666666666666679e+00 1.50000000000000000e+01 4.26000000000000014e+01 1.03000000000000007e+01 3.47999999999999972e+01 2.05799999999999983e+01 6.47000000000000028e+01 1.52533333333333331e+02 3.48699999999999989e+02 1.53000000000000007e+01 7.02000000000000028e+01
At4g23600: 1.95999999999999979e+01 9.04000000000000057e+01 4.91050000000000011e+02 2.70000000000000018e+00 7.59899999999999977e+02 1.02219999999999999e+02 1.09490000000000009e+03 3.03853333333333330e+03 1.98129999999999995e+03 2.16000000000000000e+02 1.45625000000000000e+03
At5g13930: 5.46433333333333394e+02 6.09299999999999955e+02 4.79049999999999955e+02 5.51500000000000000e+02 4.00299999999999955e+02 4.64640000000000043e+02 8.60200000000000045e+02 7.09000000000000000e+02 1.64850000000000000e+03 6.49600000000000023e+02 6.54500000000000000e+02
At5g19890: 2.10000000000000009e+00 -1.69999999999999996e+00 1.10999999999999996e+01 -1.19999999999999996e+00 1.16000000000000014e+01 4.79999999999999982e+00 4.79999999999999982e+00 6.85000000000000000e+01 1.32000000000000000e+02 2.00000000000000011e-01 1.25999999999999996e+01
At5g57090: 3.27000000000000028e+01 2.05000000000000000e+01 3.87500000000000000e+01 2.78999999999999986e+01 4.37000000000000028e+01 2.78000000000000007e+01 2.70000000000000000e+01 4.46000000000000014e+01 6.05000000000000000e+01 3.01999999999999993e+01 3.93500000000000014e+01
At1g49570: 3.13333333333333330e+00 3.10000000000000009e+00 1.11999999999999993e+01 9.00000000000000022e-01 9.40000000000000036e+00 4.85999999999999943e+00 7.40000000000000036e+00 5.35000000000000000e+01 2.45500000000000000e+02 6.59999999999999964e+00 1.33500000000000014e+01
At4g11320: 3.67600000000000023e+02 3.89199999999999989e+02 3.36899999999999977e+02 3.92500000000000000e+02 2.50650000000000006e+02 4.47879999999999995e+02 4.27699999999999989e+02 9.10566666666666720e+02 6.08200000000000045e+02 4.12699999999999989e+02 5.21200000000000045e+02
At3g23050: 5.31333333333333258e+02 3.73000000000000000e+02 3.63049999999999955e+02 5.04199999999999989e+02 3.52199999999999989e+02 4.54779999999999973e+02 4.11600000000000023e+02 1.68699999999999989e+02 1.25400000000000006e+02 4.42800000000000011e+02 2.84949999999999989e+02
At4g17880: 4.35333333333333314e+01 1.11900000000000006e+02 4.33500000000000014e+01 3.47999999999999972e+01 2.30000000000000000e+01 4.26199999999999974e+01 9.65000000000000000e+01 2.18999999999999986e+01 3.36000000000000014e+01 5.35000000000000000e+01 2.35999999999999979e+01
At5g62470: 4.21666666666666714e+01 7.27000000000000028e+01 2.94500000000000028e+01 1.25900000000000006e+02 4.03500000000000014e+01 3.28999999999999986e+01 5.57000000000000028e+01 1.02333333333333325e+01 3.08999999999999986e+01 7.42000000000000028e+01 2.10500000000000007e+01
At4g35770: 1.49833333333333343e+02 1.01299999999999997e+02 3.39500000000000028e+01 1.25099999999999994e+02 2.11999999999999993e+01 4.94660000000000025e+02 1.94199999999999989e+02 1.45999999999999996e+01 1.33599999999999994e+02 1.78699999999999989e+02 3.34500000000000028e+01
At1g17740: 2.21333333333333343e+02 2.44099999999999994e+02 5.61799999999999955e+02 1.98800000000000011e+02 6.80150000000000091e+02 2.34719999999999999e+02 4.81199999999999989e+02 1.05376666666666665e+03 1.08279999999999995e+03 2.57300000000000011e+02 6.89299999999999955e+02
At2g21130: 7.37999999999999972e+01 4.93999999999999986e+01 2.11699999999999989e+02 5.10000000000000000e+01 2.69649999999999977e+02 6.37599999999999980e+01 5.27999999999999972e+01 2.66733333333333348e+02 4.87999999999999972e+01 3.68999999999999986e+01 3.17949999999999989e+02
At2g28900: 2.41099999999999994e+02 2.71800000000000011e+02 8.53899999999999977e+02 1.36500000000000000e+02 1.08875000000000000e+03 2.14959999999999980e+02 1.91099999999999994e+02 1.12140000000000009e+03 2.91399999999999977e+02 1.32599999999999994e+02 1.05209999999999991e+03
At2g42530: 5.50333333333333314e+01 2.16099999999999994e+02 3.18350000000000023e+02 8.62000000000000028e+01 6.37100000000000023e+02 4.37599999999999980e+01 1.08500000000000000e+02 6.37166666666666629e+02 7.07000000000000028e+01 4.58999999999999986e+01 7.64399999999999977e+02
At4g24360: 8.87000000000000028e+01 5.07999999999999972e+01 7.84250000000000000e+02 4.82999999999999972e+01 3.81700000000000045e+02 1.42699999999999989e+02 5.81299999999999955e+02 2.18193333333333339e+03 9.38700000000000045e+02 2.02699999999999989e+02 4.84000000000000000e+02
At5g63790: 9.70999999999999943e+01 3.26300000000000011e+02 3.42500000000000000e+02 4.36699999999999989e+02 2.74399999999999977e+02 9.86200000000000045e+01 4.15399999999999977e+02 3.32233333333333348e+02 2.61100000000000023e+02 4.56199999999999989e+02 2.53099999999999994e+02
At1g20440: 9.61299999999999955e+02 2.54500000000000000e+03 1.00204999999999995e+03 1.51140000000000009e+03 9.27000000000000000e+02 8.69080000000000041e+02 1.86900000000000000e+03 4.09800000000000011e+02 1.93500000000000000e+02 1.71200000000000000e+03 6.94000000000000000e+02
At2g26690: 5.22799999999999955e+02 3.81899999999999977e+02 2.00949999999999989e+02 2.83699999999999989e+02 1.89150000000000006e+02 4.75040000000000020e+02 4.84199999999999989e+02 1.53233333333333348e+02 2.47400000000000006e+02 2.55300000000000011e+02 2.09149999999999977e+02
At2g40900: 8.68999999999999915e+01 5.42000000000000028e+01 2.80000000000000000e+01 3.15000000000000000e+01 2.85000000000000000e+01 5.98800000000000026e+01 3.62000000000000028e+01 1.69666666666666686e+01 2.51000000000000014e+01 2.70000000000000000e+01 1.86000000000000014e+01
At3g61890: 1.15399999999999991e+02 1.38500000000000000e+02 3.62000000000000028e+01 1.58199999999999989e+02 4.72999999999999972e+01 1.17079999999999998e+02 1.69300000000000011e+02 2.01999999999999993e+01 3.40000000000000000e+01 1.18799999999999997e+02 3.22000000000000028e+01
At4g34000: 1.26666666666666671e+02 1.31800000000000011e+02 3.88999999999999986e+01 9.07000000000000028e+01 4.10499999999999972e+01 8.19599999999999937e+01 8.15999999999999943e+01 1.40999999999999996e+01 6.50999999999999943e+01 7.47999999999999972e+01 2.91499999999999986e+01
At4g37760: 5.70133333333333326e+02 3.98600000000000023e+02 2.18949999999999989e+02 3.18000000000000000e+02 1.58449999999999989e+02 4.15939999999999998e+02 5.04699999999999989e+02 1.51866666666666674e+02 1.93300000000000011e+02 1.94599999999999994e+02 1.79850000000000023e+02
At5g06760: 4.26999999999999957e+01 1.06799999999999997e+02 2.58500000000000014e+01 6.40000000000000000e+01 3.82000000000000028e+01 3.84399999999999977e+01 9.15999999999999943e+01 3.26666666666666661e+00 9.00000000000000000e+00 4.72000000000000028e+01 1.77500000000000000e+01
At2g23320: 1.32533333333333331e+02 2.49199999999999989e+02 2.04750000000000000e+02 4.80699999999999989e+02 2.27250000000000000e+02 1.59960000000000008e+02 1.75300000000000011e+02 1.09533333333333331e+02 2.30300000000000011e+02 4.79000000000000000e+02 1.60150000000000006e+02
At2g29500: 1.25666666666666664e+01 2.48000000000000007e+01 7.95499999999999972e+01 4.27999999999999972e+01 8.32999999999999972e+01 2.17600000000000016e+01 4.00000000000000000e+01 5.80666666666666700e+01 6.28999999999999986e+01 3.82999999999999972e+01 1.40199999999999989e+02
At2g38470: 4.45000000000000000e+01 4.87999999999999972e+01 1.08349999999999994e+02 2.59100000000000023e+02 1.07350000000000009e+02 7.35000000000000000e+01 4.03999999999999986e+01 4.02666666666666657e+01 6.60999999999999943e+01 1.52000000000000000e+02 6.27999999999999972e+01
At4g11280: 3.18333333333333321e+01 4.91000000000000014e+01 7.97500000000000000e+01 2.58500000000000000e+02 7.36500000000000057e+01 7.50799999999999983e+01 3.27999999999999972e+01 3.09000000000000021e+01 5.11000000000000014e+01 1.45300000000000011e+02 3.81500000000000057e+01
